image: map.pgm
resolution: 0.015000
origin: [-15.360000, -15.360000, 0.0]
negate: 0
occupied_thresh: 0.65
free_thresh: 0.196

